6.996539442206792359e+00 1.363034665290233427e+01 1.067191006298630774e-04 1.199999999978019214e-03 4.584166940775638252e-04 5.281451046407334080e-04
1.046850104818199156e+01 1.015838714737599524e+01 1.945706244324850914e-05 8.902795542999907864e-04 4.186254187449663252e-04 7.424604562704492823e-04
1.082327209256463441e+01 9.803620633975748788e+00 1.354943581349906930e-06 4.993370418999991834e-04 2.936143462442133522e-04 9.036757657404329187e-04
1.097705326522364366e+01 9.649843107747743787e+00 1.980509750255884085e-07 2.016666103999998629e-04 2.295013872495237995e-04 9.701025090601329446e-04
1.103545494091231838e+01 9.591443178496362520e+00 3.902430971488047004e-08 5.797592439999995977e-05 2.075993518074093923e-04 9.923225993898590527e-04
1.105247940858040678e+01 9.574419263081916043e+00 7.438174564583274820e-09 1.232031480000000585e-05 2.015620260307104299e-04 9.984231002784463727e-04
1.105620718536509450e+01 9.570691609953646761e+00 1.227596253264431710e-09 2.082177599999998945e-06 2.002620529586465433e-04 9.997354955863348505e-04
1.105685367481431847e+01 9.570045142050540576e+00 1.747735663337477685e-10 2.976621999999999137e-07 2.000374124400519150e-04 9.999622343543305026e-04
1.105694833175180136e+01 9.569950488271972588e+00 2.121391337951470489e-11 3.614860000000557835e-08 2.000045360660837395e-04 9.999954091478406581e-04
1.105696021376849991e+01 9.569938606652065971e+00 1.978951344145116403e-12 3.341599999999998056e-09 2.000004213339177700e-04 9.999995858065453130e-04
1.105696139787576548e+01 9.569937422583125297e+00 1.711387096613235183e-14 6.110000000000009145e-11 2.000000127812396721e-04 9.999999893516807719e-04
1.105696144521388113e+01 9.569937375245832101e+00 0.000000000000000000e+00 0.000000000000000000e+00 2.000000126905551322e-04 1.000000060509447517e-03
1.105696141801962362e+01 9.569937402438180030e+00 4.165156830742388912e-15 4.000000000000000727e-12 2.000000005053542045e-04 1.000000000184987680e-03
1.105696141821116107e+01 9.569937402247775893e+00 1.357192710446483416e-15 2.700000000000003036e-12 2.000000003516448296e-04 9.999999995587024147e-04
1.105696141946779854e+01 9.569937400992069243e+00 0.000000000000000000e+00 0.000000000000000000e+00 2.000000001103660445e-04 1.000000000589636433e-03
1.105696141924792819e+01 9.569937401211296546e+00 4.744472997319580597e-17 0.000000000000000000e+00 2.000000000236263199e-04 1.000000000057137692e-03
1.105696141922516595e+01 9.569937401234760443e+00 1.002406340161808482e-17 0.000000000000000000e+00 2.000000000049301750e-04 1.000000000011825414e-03
1.105696141921926667e+01 9.569937401239982933e+00 0.000000000000000000e+00 0.000000000000000000e+00 2.000000000000239433e-04 1.000000000000118199e-03
1.105696141921969122e+01 9.569937401238943764e+00 8.003291078764676211e-19 0.000000000000000000e+00 2.000000000003832751e-04 1.000000000000955637e-03
1.105696141921926667e+01 9.569937401239982933e+00 0.000000000000000000e+00 0.000000000000000000e+00 2.000000000000239433e-04 1.000000000000118199e-03
1.105696141921926667e+01 9.569937401239982933e+00 0.000000000000000000e+00 0.000000000000000000e+00 2.000000000000239433e-04 1.000000000000118199e-03
1.105696141921927200e+01 9.569937401239977603e+00 1.173503090721828197e-20 0.000000000000000000e+00 2.000000000000241602e-04 1.000000000000117115e-03
1.105696141921926667e+01 9.569937401239982933e+00 0.000000000000000000e+00 0.000000000000000000e+00 2.000000000000239433e-04 1.000000000000118199e-03
1.105696141921926667e+01 9.569937401239982933e+00 0.000000000000000000e+00 0.000000000000000000e+00 2.000000000000239433e-04 1.000000000000118199e-03
1.105696141921926667e+01 9.569937401239982933e+00 0.000000000000000000e+00 0.000000000000000000e+00 2.000000000000239433e-04 1.000000000000118199e-03
1.105696141921926667e+01 9.569937401239982933e+00 0.000000000000000000e+00 0.000000000000000000e+00 2.000000000000239433e-04 1.000000000000118199e-03
1.105696141921926667e+01 9.569937401239982933e+00 0.000000000000000000e+00 0.000000000000000000e+00 2.000000000000239433e-04 1.000000000000118199e-03
1.105696141921926667e+01 9.569937401239982933e+00 0.000000000000000000e+00 0.000000000000000000e+00 2.000000000000239433e-04 1.000000000000118199e-03
1.105696141921926667e+01 9.569937401239982933e+00 0.000000000000000000e+00 0.000000000000000000e+00 2.000000000000239433e-04 1.000000000000118199e-03
1.105696141921926667e+01 9.569937401239982933e+00 0.000000000000000000e+00 0.000000000000000000e+00 2.000000000000239433e-04 1.000000000000118199e-03
1.105696141921926667e+01 9.569937401239982933e+00 0.000000000000000000e+00 0.000000000000000000e+00 2.000000000000239433e-04 1.000000000000118199e-03
1.105696141921926667e+01 9.569937401239982933e+00 0.000000000000000000e+00 0.000000000000000000e+00 2.000000000000239433e-04 1.000000000000118199e-03
1.105696141921926667e+01 9.569937401239982933e+00 0.000000000000000000e+00 0.000000000000000000e+00 2.000000000000239433e-04 1.000000000000118199e-03
1.105696141921926667e+01 9.569937401239982933e+00 0.000000000000000000e+00 0.000000000000000000e+00 2.000000000000239433e-04 1.000000000000118199e-03
1.105696141921926667e+01 9.569937401239982933e+00 0.000000000000000000e+00 0.000000000000000000e+00 2.000000000000239433e-04 1.000000000000118199e-03
1.105696141921926667e+01 9.569937401239982933e+00 0.000000000000000000e+00 0.000000000000000000e+00 2.000000000000239433e-04 1.000000000000118199e-03
1.105696141921926667e+01 9.569937401239982933e+00 0.000000000000000000e+00 0.000000000000000000e+00 2.000000000000239433e-04 1.000000000000118199e-03
1.105696141921926667e+01 9.569937401239982933e+00 0.000000000000000000e+00 0.000000000000000000e+00 2.000000000000239433e-04 1.000000000000118199e-03
1.105696141921926667e+01 9.569937401239982933e+00 0.000000000000000000e+00 0.000000000000000000e+00 2.000000000000239433e-04 1.000000000000118199e-03
1.105696141921926667e+01 9.569937401239982933e+00 0.000000000000000000e+00 0.000000000000000000e+00 2.000000000000239433e-04 1.000000000000118199e-03
1.105696141921926667e+01 9.569937401239982933e+00 0.000000000000000000e+00 0.000000000000000000e+00 2.000000000000239433e-04 1.000000000000118199e-03
