0.000000000000000000e+00 1.067191006298630757e-01 1.199999999978019316e+00 4.584166940775638022e-01 5.281451046407333871e-01
1.999999999999999174e-03 1.945706244324850800e-02 8.902795542999908385e-01 4.186254187449663378e-01 7.424604562704493205e-01
3.999999999999998349e-03 1.354943581349906962e-03 4.993370418999991678e-01 2.936143462442133423e-01 9.036757657404329569e-01
5.999999999999997523e-03 1.980509750255884146e-04 2.016666103999998627e-01 2.295013872495237917e-01 9.701025090601329559e-01
7.999999999999996697e-03 3.902430971488046908e-05 5.797592439999996183e-02 2.075993518074094046e-01 9.923225993898590058e-01
9.999999999999995004e-03 7.438174564583275198e-06 1.232031480000000609e-02 2.015620260307104394e-01 9.984231002784463849e-01
1.199999999999999331e-02 1.227596253264431796e-06 2.082177599999999063e-03 2.002620529586465470e-01 9.997354955863348991e-01
1.399999999999998988e-02 1.747735663337477774e-07 2.976621999999999298e-04 2.000374124400519094e-01 9.999622343543305147e-01
1.599999999999998646e-02 2.121391337951470613e-08 3.614860000000557835e-05 2.000045360660837324e-01 9.999954091478406859e-01
1.799999999999998476e-02 1.978951344145116458e-09 3.341599999999998211e-06 2.000004213339177661e-01 9.999995858065453547e-01
1.999999999999998307e-02 1.711387096613235142e-11 6.110000000000009051e-08 2.000000127812396611e-01 9.999999893516807736e-01
2.199999999999998138e-02 0.000000000000000000e+00 0.000000000000000000e+00 2.000000126905551456e-01 1.000000060509447453e+00
2.399999999999997621e-02 4.165156830742388969e-12 4.000000000000001076e-09 2.000000005053542140e-01 1.000000000184987581e+00
2.599999999999997452e-02 1.357192710446483484e-12 2.700000000000003084e-09 2.000000003516448355e-01 9.999999995587024459e-01
2.799999999999997283e-02 0.000000000000000000e+00 0.000000000000000000e+00 2.000000001103660330e-01 1.000000000589636340e+00
2.999999999999997113e-02 4.744472997319580464e-14 0.000000000000000000e+00 2.000000000236263065e-01 1.000000000057137628e+00
3.199999999999996597e-02 1.002406340161808468e-14 0.000000000000000000e+00 2.000000000049301785e-01 1.000000000011825430e+00
3.399999999999996775e-02 0.000000000000000000e+00 0.000000000000000000e+00 2.000000000000239364e-01 1.000000000000118128e+00
3.599999999999996259e-02 8.003291078764675903e-16 0.000000000000000000e+00 2.000000000003832878e-01 1.000000000000955680e+00
3.799999999999995742e-02 0.000000000000000000e+00 0.000000000000000000e+00 2.000000000000239364e-01 1.000000000000118128e+00
3.999999999999995920e-02 0.000000000000000000e+00 0.000000000000000000e+00 2.000000000000239364e-01 1.000000000000118128e+00
4.199999999999996098e-02 1.173503090721828163e-17 0.000000000000000000e+00 2.000000000000241585e-01 1.000000000000117018e+00
4.399999999999996275e-02 0.000000000000000000e+00 0.000000000000000000e+00 2.000000000000239364e-01 1.000000000000118128e+00
4.599999999999996453e-02 0.000000000000000000e+00 0.000000000000000000e+00 2.000000000000239364e-01 1.000000000000118128e+00
4.799999999999996630e-02 0.000000000000000000e+00 0.000000000000000000e+00 2.000000000000239364e-01 1.000000000000118128e+00
4.999999999999996808e-02 0.000000000000000000e+00 0.000000000000000000e+00 2.000000000000239364e-01 1.000000000000118128e+00
5.199999999999996986e-02 0.000000000000000000e+00 0.000000000000000000e+00 2.000000000000239364e-01 1.000000000000118128e+00
5.399999999999997163e-02 0.000000000000000000e+00 0.000000000000000000e+00 2.000000000000239364e-01 1.000000000000118128e+00
5.599999999999997341e-02 0.000000000000000000e+00 0.000000000000000000e+00 2.000000000000239364e-01 1.000000000000118128e+00
5.799999999999997519e-02 0.000000000000000000e+00 0.000000000000000000e+00 2.000000000000239364e-01 1.000000000000118128e+00
5.999999999999997696e-02 0.000000000000000000e+00 0.000000000000000000e+00 2.000000000000239364e-01 1.000000000000118128e+00
6.199999999999997874e-02 0.000000000000000000e+00 0.000000000000000000e+00 2.000000000000239364e-01 1.000000000000118128e+00
6.399999999999997358e-02 0.000000000000000000e+00 0.000000000000000000e+00 2.000000000000239364e-01 1.000000000000118128e+00
6.599999999999997535e-02 0.000000000000000000e+00 0.000000000000000000e+00 2.000000000000239364e-01 1.000000000000118128e+00
6.799999999999997713e-02 0.000000000000000000e+00 0.000000000000000000e+00 2.000000000000239364e-01 1.000000000000118128e+00
6.999999999999997891e-02 0.000000000000000000e+00 0.000000000000000000e+00 2.000000000000239364e-01 1.000000000000118128e+00
7.199999999999998068e-02 0.000000000000000000e+00 0.000000000000000000e+00 2.000000000000239364e-01 1.000000000000118128e+00
7.399999999999998246e-02 0.000000000000000000e+00 0.000000000000000000e+00 2.000000000000239364e-01 1.000000000000118128e+00
7.599999999999998423e-02 0.000000000000000000e+00 0.000000000000000000e+00 2.000000000000239364e-01 1.000000000000118128e+00
7.799999999999998601e-02 0.000000000000000000e+00 0.000000000000000000e+00 2.000000000000239364e-01 1.000000000000118128e+00
8.000000000000000167e-02 0.000000000000000000e+00 0.000000000000000000e+00 2.000000000000239364e-01 1.000000000000118128e+00
